9 6.3901836867466760e-04 3.3925597591500989e-04 -4.3321508423803629e+25 1.5922518821948647e+25 2.6431537772509544e-04 1.8937477953518103e-04 -8.2692654279962223e+26 4.9432255948182169e+24 1.8937477953518103e-04 1.1443418134526658e-04 -1.3224709438321382e+27 3.9950631894399058e+21 1.1443418134526658e-04 7.6963882250309363e-05 -4.9633725913728968e+26 2.8294485479545299e+23 1.2385431541939830e-03 6.3901836867466760e-04 -2.9395776780249221e+23 1.6125060430303587e+23 2.4375927252326141e-03 1.2385431541939830e-03 -1.4214285087224483e+21 9.9226352773737244e+20 3.3925597591500989e-04 2.6431537772509544e-04 -2.0606801526665962e+26 1.0293234694060348e+20 4.8356918673098763e-03 2.4375927252326141e-03 -3.1260793850810501e+18 2.0504607007104645e+18 7.6963882250309363e-05 3.9493583155352156e-05 -3.3533752593435303e+26 1.0997956693706275e+19
(6.390e-04, 3.393e-04)  -4.332150842380e+25 +/- 1.592e+25   0
   [4.370473e+27 0.000000e+00 1.334889e+28 0.000000e+00 4.752965e+28 0.000000e+00 2.033382e+29 2.759303e-05 1.048289e+30]
(2.643e-04, 1.894e-04)  -8.269265427996e+26 +/- 4.943e+24   0
   [5.580147e+30 9.612758e+30 8.024574e+30 8.612702e+30 1.097096e+31 1.022334e-103 1.403930e+31 3.531905e-05 1.662561e+31]
(1.894e-04, 1.144e-04)  -1.322470943832e+27 +/- 3.995e+21   4
   [-1.320774e+27 -1.322489e+27 -1.322475e+27 -1.322471e+27 1.839159e+31 1.807056e+31 1.752206e+31 1.672077e+31 1.568098e+31]
(1.144e-04, 7.696e-05)  -4.963372591373e+26 +/- 2.829e+23   0
   [1.568098e+31 -2.060676e+26 1.449173e+31 -2.060680e+26 1.323943e+31 3.046916e+30 1.199891e+31 4.589137e+30 1.082809e+31]
(1.239e-03, 6.390e-04)  -2.939577678025e+23 +/- 1.613e+23   0
   [1.244095e+25 0.000000e+00 3.849183e+25 0.000000e+00 1.420208e+26 0.000000e+00 6.651585e+26 2.759303e-05 4.370473e+27]
(2.438e-03, 1.239e-03)  -1.421428508722e+21 +/- 9.923e+20   0
   [1.292109e+22 0.000000e+00 4.576656e+22 0.000000e+00 2.290992e+23 0.000000e+00 1.550217e+24 2.759303e-05 1.244095e+25]
(3.393e-04, 2.643e-04)  -2.060680152667e+26 +/- 1.029e+20   4
   [-2.067278e+26 -2.060676e+26 -2.060679e+26 -2.060680e+26 2.467632e+30 3.046916e+30 3.748809e+30 4.589137e+30 5.580147e+30]
(4.836e-03, 2.438e-03)  -3.126079385081e+18 +/- 2.050e+18   0
   [1.610047e+19 0.000000e+00 6.629897e+19 0.000000e+00 3.415285e+20 0.000000e+00 1.757984e+21 2.759303e-05 1.292109e+22]
(7.696e-05, 3.949e-05)  -3.353375259344e+26 +/- 1.100e+19   4
   [-3.354592e+26 -3.353376e+26 -3.353375e+26 -3.353375e+26 8.845411e+30 8.441704e+30 8.079060e+30 7.759691e+30 7.486442e+30]
