# nu [1.e+18 1.e+18 1.e+18 1.e+18 1.e+18 1.e+18 1.e+18 1.e+18 1.e+18 1.e+18
 1.e+18 1.e+18 1.e+18 1.e+18 1.e+18 1.e+18 1.e+18 1.e+18 1.e+18 1.e+18
 1.e+18 1.e+18 1.e+18 1.e+18 1.e+18 1.e+18 1.e+18 1.e+18 1.e+18 1.e+18
 1.e+18 1.e+18 1.e+18 1.e+18 1.e+18 1.e+18 1.e+18 1.e+18 1.e+18 1.e+18
 1.e+18 1.e+18 1.e+18 1.e+18 1.e+18 1.e+18 1.e+18 1.e+18 1.e+18 1.e+18
 1.e+18 1.e+18 1.e+18 1.e+18 1.e+18 1.e+18 1.e+18 1.e+18 1.e+18 1.e+18
 1.e+18 1.e+18 1.e+18 1.e+18 1.e+18 1.e+18 1.e+18 1.e+18 1.e+18 1.e+18
 1.e+18 1.e+18 1.e+18 1.e+18 1.e+18 1.e+18 1.e+18 1.e+18 1.e+18 1.e+18
 1.e+18 1.e+18 1.e+18 1.e+18 1.e+18 1.e+18 1.e+18 1.e+18 1.e+18 1.e+18
 1.e+18 1.e+18 1.e+18 1.e+18 1.e+18 1.e+18 1.e+18 1.e+18 1.e+18 1.e+18
 1.e+18 1.e+18 1.e+18 1.e+18 1.e+18 1.e+18 1.e+18 1.e+18 1.e+18 1.e+18
 1.e+18 1.e+18 1.e+18 1.e+18 1.e+18 1.e+18 1.e+18 1.e+18 1.e+18 1.e+18
 1.e+18 1.e+18 1.e+18 1.e+18 1.e+18 1.e+18 1.e+18 1.e+18 1.e+18 1.e+18
 1.e+18 1.e+18 1.e+18 1.e+18 1.e+18 1.e+18 1.e+18 1.e+18 1.e+18 1.e+18
 1.e+18 1.e+18 1.e+18 1.e+18 1.e+18 1.e+18 1.e+18 1.e+18 1.e+18 1.e+18
 1.e+18 1.e+18 1.e+18 1.e+18 1.e+18 1.e+18 1.e+18 1.e+18 1.e+18 1.e+18
 1.e+18 1.e+18 1.e+18 1.e+18 1.e+18 1.e+18 1.e+18 1.e+18 1.e+18 1.e+18
 1.e+18 1.e+18 1.e+18 1.e+18 1.e+18 1.e+18 1.e+18 1.e+18 1.e+18 1.e+18
 1.e+18 1.e+18 1.e+18 1.e+18 1.e+18 1.e+18 1.e+18 1.e+18 1.e+18 1.e+18
 1.e+18 1.e+18 1.e+18 1.e+18 1.e+18 1.e+18 1.e+18 1.e+18 1.e+18 1.e+18
 1.e+18 1.e+18 1.e+18 1.e+18 1.e+18 1.e+18 1.e+18 1.e+18 1.e+18 1.e+18
 1.e+18 1.e+18 1.e+18 1.e+18 1.e+18 1.e+18 1.e+18 1.e+18 1.e+18 1.e+18
 1.e+18 1.e+18 1.e+18 1.e+18 1.e+18 1.e+18 1.e+18 1.e+18 1.e+18 1.e+18
 1.e+18 1.e+18 1.e+18 1.e+18 1.e+18 1.e+18 1.e+18 1.e+18 1.e+18 1.e+18
 1.e+18 1.e+18 1.e+18 1.e+18 1.e+18 1.e+18 1.e+18 1.e+18 1.e+18 1.e+18
 1.e+18 1.e+18 1.e+18 1.e+18 1.e+18 1.e+18 1.e+18 1.e+18 1.e+18 1.e+18
 1.e+18 1.e+18 1.e+18 1.e+18 1.e+18 1.e+18 1.e+18 1.e+18 1.e+18 1.e+18
 1.e+18 1.e+18 1.e+18 1.e+18 1.e+18 1.e+18 1.e+18 1.e+18 1.e+18 1.e+18
 1.e+18 1.e+18 1.e+18 1.e+18 1.e+18 1.e+18 1.e+18 1.e+18 1.e+18 1.e+18
 1.e+18 1.e+18 1.e+18 1.e+18 1.e+18 1.e+18 1.e+18 1.e+18 1.e+18 1.e+18]
# t(s)     Fnu(mJy)
1.000000e-01 8.569063e+00
1.063545e-01 8.438528e+00
1.131128e-01 8.292957e+00
1.203005e-01 8.193703e+00
1.279450e-01 8.058668e+00
1.360753e-01 7.941305e+00
1.447222e-01 7.816911e+00
1.539186e-01 7.702052e+00
1.636993e-01 7.587615e+00
1.741016e-01 7.472110e+00
1.851648e-01 7.353053e+00
1.969311e-01 7.241535e+00
2.094451e-01 7.133328e+00
2.227543e-01 7.026029e+00
2.369092e-01 6.918878e+00
2.519636e-01 6.806223e+00
2.679746e-01 6.709969e+00
2.850030e-01 6.602137e+00
3.031136e-01 6.507623e+00
3.223749e-01 6.411528e+00
3.428602e-01 6.311596e+00
3.646472e-01 6.207763e+00
3.878187e-01 6.116337e+00
4.124626e-01 6.023866e+00
4.386726e-01 5.928780e+00
4.665480e-01 5.842657e+00
4.961948e-01 5.749449e+00
5.277254e-01 5.660387e+00
5.612597e-01 5.569905e+00
5.969250e-01 5.486815e+00
6.348565e-01 5.398871e+00
6.751985e-01 5.319233e+00
7.181039e-01 5.227495e+00
7.637358e-01 5.162473e+00
8.122674e-01 5.078592e+00
8.638828e-01 5.004250e+00
9.187782e-01 4.927696e+00
9.771620e-01 4.854868e+00
1.039256e+00 4.779845e+00
1.105295e+00 4.706357e+00
1.175531e+00 4.635050e+00
1.250230e+00 4.564259e+00
1.329676e+00 4.494035e+00
1.414170e+00 4.427289e+00
1.504034e+00 4.360333e+00
1.599607e+00 4.291363e+00
1.701254e+00 4.228396e+00
1.809360e+00 4.160560e+00
1.924336e+00 4.101080e+00
2.046618e+00 4.039637e+00
2.176670e+00 3.977761e+00
2.314987e+00 3.917060e+00
2.462092e+00 3.853407e+00
2.618546e+00 3.794608e+00
2.784941e+00 3.721994e+00
2.961910e+00 3.651762e+00
3.150125e+00 3.568472e+00
3.350299e+00 3.484138e+00
3.563194e+00 3.404603e+00
3.789617e+00 3.306654e+00
4.030428e+00 3.212452e+00
4.286541e+00 3.117688e+00
4.558929e+00 3.015744e+00
4.848626e+00 2.918717e+00
5.156732e+00 2.821614e+00
5.484417e+00 2.721024e+00
5.832924e+00 2.620997e+00
6.203576e+00 2.520356e+00
6.597782e+00 2.420141e+00
7.017038e+00 2.321880e+00
7.462936e+00 2.225411e+00
7.937168e+00 2.126743e+00
8.441535e+00 2.030759e+00
8.977952e+00 1.939880e+00
9.548455e+00 1.842278e+00
1.015521e+01 1.750581e+00
1.080052e+01 1.662487e+00
1.148684e+01 1.573947e+00
1.221677e+01 1.489948e+00
1.299309e+01 1.408657e+00
1.381873e+01 1.330196e+00
1.469684e+01 1.254105e+00
1.563075e+01 1.177804e+00
1.662401e+01 1.108805e+00
1.768038e+01 1.041580e+00
1.880388e+01 9.788637e-01
1.999877e+01 9.175474e-01
2.126959e+01 8.593276e-01
2.262117e+01 8.048617e-01
2.405863e+01 7.533581e-01
2.558744e+01 7.036602e-01
2.721339e+01 6.566726e-01
2.894266e+01 6.132119e-01
3.078182e+01 5.721615e-01
3.273785e+01 5.341813e-01
3.481818e+01 4.981920e-01
3.703070e+01 4.646358e-01
3.938381e+01 4.329638e-01
4.188645e+01 4.040507e-01
4.454813e+01 3.762833e-01
4.737893e+01 3.504478e-01
5.038963e+01 3.264864e-01
5.359163e+01 3.040968e-01
5.699711e+01 2.833953e-01
6.061899e+01 2.639978e-01
6.447102e+01 2.458578e-01
6.856783e+01 2.288138e-01
7.292497e+01 2.131807e-01
7.755898e+01 1.985822e-01
8.248747e+01 1.849029e-01
8.772913e+01 1.722759e-01
9.330387e+01 1.605048e-01
9.923286e+01 1.491574e-01
1.055386e+02 1.389455e-01
1.122451e+02 1.294604e-01
1.193777e+02 1.206124e-01
1.269635e+02 1.124439e-01
1.350314e+02 1.046915e-01
1.436120e+02 9.750005e-02
1.527378e+02 9.084002e-02
1.624435e+02 8.456024e-02
1.727660e+02 7.877025e-02
1.837444e+02 7.336101e-02
1.954204e+02 6.827812e-02
2.078384e+02 6.362001e-02
2.210455e+02 5.928719e-02
2.350918e+02 5.522917e-02
2.500307e+02 5.147076e-02
2.659189e+02 4.793963e-02
2.828167e+02 4.464174e-02
3.007883e+02 4.154220e-02
3.199018e+02 3.868451e-02
3.402300e+02 3.602023e-02
3.618499e+02 3.355204e-02
3.848436e+02 3.124424e-02
4.092985e+02 2.907794e-02
4.353073e+02 2.708629e-02
4.629689e+02 2.521635e-02
4.923883e+02 2.348975e-02
5.236771e+02 2.185850e-02
5.569541e+02 2.035793e-02
5.923457e+02 1.895974e-02
6.299863e+02 1.761872e-02
6.700188e+02 1.641182e-02
7.125951e+02 1.527984e-02
7.578769e+02 1.422077e-02
8.060361e+02 1.324013e-02
8.572557e+02 1.235454e-02
9.117299e+02 1.150011e-02
9.696658e+02 1.071207e-02
1.031283e+03 9.973939e-03
1.096816e+03 9.285576e-03
1.166513e+03 8.649887e-03
1.240639e+03 8.052126e-03
1.319476e+03 7.496942e-03
1.403322e+03 6.979760e-03
1.492496e+03 6.500435e-03
1.587336e+03 6.055136e-03
1.688203e+03 5.652155e-03
1.795480e+03 5.247308e-03
1.909574e+03 4.885373e-03
2.030918e+03 4.546820e-03
2.159972e+03 4.231121e-03
2.297228e+03 3.938927e-03
2.443205e+03 3.665610e-03
2.598458e+03 3.411533e-03
2.763577e+03 3.179171e-03
2.939188e+03 2.957666e-03
3.125959e+03 2.762564e-03
3.324598e+03 2.562965e-03
3.535859e+03 2.383365e-03
3.760545e+03 2.223464e-03
3.999509e+03 2.068844e-03
4.253658e+03 1.920663e-03
4.523956e+03 1.789248e-03
4.811431e+03 1.663724e-03
5.117173e+03 1.550094e-03
5.442344e+03 1.442311e-03
5.788177e+03 1.342613e-03
6.155987e+03 1.249435e-03
6.547168e+03 1.162968e-03
6.963208e+03 1.081861e-03
7.405685e+03 1.007474e-03
7.876279e+03 9.374902e-04
8.376776e+03 8.719134e-04
8.909078e+03 8.109005e-04
9.475205e+03 7.544340e-04
1.007731e+04 7.017597e-04
1.071767e+04 6.518863e-04
1.139872e+04 6.058396e-04
1.212305e+04 5.629090e-04
1.289341e+04 5.235174e-04
1.371272e+04 4.851694e-04
1.458410e+04 4.500044e-04
1.551084e+04 4.170332e-04
1.649648e+04 3.861169e-04
1.754475e+04 3.569874e-04
1.865963e+04 3.293874e-04
1.984535e+04 3.034904e-04
2.110643e+04 2.799957e-04
2.244763e+04 2.579200e-04
2.387407e+04 2.372051e-04
2.539114e+04 2.185306e-04
2.700462e+04 2.004886e-04
2.872063e+04 1.842609e-04
3.054568e+04 1.691059e-04
3.248671e+04 1.546956e-04
3.455107e+04 1.417725e-04
3.674662e+04 1.295131e-04
3.908168e+04 1.184524e-04
4.156513e+04 1.085316e-04
4.420638e+04 9.897839e-05
4.701547e+04 9.046204e-05
5.000307e+04 8.268572e-05
5.318051e+04 7.544768e-05
5.655986e+04 6.873576e-05
6.015396e+04 6.268130e-05
6.397644e+04 5.711662e-05
6.804182e+04 5.209643e-05
7.236553e+04 4.745600e-05
7.696400e+04 4.325831e-05
8.185467e+04 3.944403e-05
8.705612e+04 3.589473e-05
9.258810e+04 3.274926e-05
9.847161e+04 2.965384e-05
1.047290e+05 2.694687e-05
1.113840e+05 2.448295e-05
1.184619e+05 2.224392e-05
1.259895e+05 2.015679e-05
1.339955e+05 1.826150e-05
1.425103e+05 1.652287e-05
1.515661e+05 1.493546e-05
1.611973e+05 1.347115e-05
1.714406e+05 1.213137e-05
1.823348e+05 1.090122e-05
1.939213e+05 9.761385e-06
2.062440e+05 8.728347e-06
2.193497e+05 7.773605e-06
2.332883e+05 6.949516e-06
2.481126e+05 6.145628e-06
2.638789e+05 5.419527e-06
2.806471e+05 4.765696e-06
2.984808e+05 4.168096e-06
3.174477e+05 3.632349e-06
3.376199e+05 3.153222e-06
3.590740e+05 2.724249e-06
3.818913e+05 2.348172e-06
4.061586e+05 2.000572e-06
4.319679e+05 1.704016e-06
4.594173e+05 1.444017e-06
4.886110e+05 1.216507e-06
5.196597e+05 1.022793e-06
5.526815e+05 8.569896e-07
5.878016e+05 7.170132e-07
6.251534e+05 5.993608e-07
6.648788e+05 5.014684e-07
7.071285e+05 4.203883e-07
7.520629e+05 3.523179e-07
7.998527e+05 2.956576e-07
8.506793e+05 2.484770e-07
9.047357e+05 2.091706e-07
9.622271e+05 1.764289e-07
1.023372e+06 1.491393e-07
1.088402e+06 1.263662e-07
1.157564e+06 1.073388e-07
1.231122e+06 9.141523e-08
1.309353e+06 7.805404e-08
1.392556e+06 6.681088e-08
1.481046e+06 5.730679e-08
1.575159e+06 4.924531e-08
1.675252e+06 4.239667e-08
1.781706e+06 3.656646e-08
1.894925e+06 3.159618e-08
2.015338e+06 2.734960e-08
2.143402e+06 2.371744e-08
2.279605e+06 2.060239e-08
2.424462e+06 1.792804e-08
2.578524e+06 1.562789e-08
2.742377e+06 1.364630e-08
2.916641e+06 1.193627e-08
3.101979e+06 1.045827e-08
3.299094e+06 9.178637e-09
3.508734e+06 8.068968e-09
3.731697e+06 7.105163e-09
3.968827e+06 6.266699e-09
4.221026e+06 5.536147e-09
4.489251e+06 4.898575e-09
4.774521e+06 4.341326e-09
5.077917e+06 3.853496e-09
5.400593e+06 3.426234e-09
5.743774e+06 3.050627e-09
6.108762e+06 2.720319e-09
6.496943e+06 2.429404e-09
6.909791e+06 2.172807e-09
7.348873e+06 1.946169e-09
7.815857e+06 1.745640e-09
8.312515e+06 1.568028e-09
8.840733e+06 1.410406e-09
9.402517e+06 1.270361e-09
1.000000e+07 1.145755e-09
