# nu [1.e+18 1.e+18 1.e+18 1.e+18 1.e+18 1.e+18 1.e+18 1.e+18 1.e+18 1.e+18
 1.e+18 1.e+18 1.e+18 1.e+18 1.e+18 1.e+18 1.e+18 1.e+18 1.e+18 1.e+18
 1.e+18 1.e+18 1.e+18 1.e+18 1.e+18 1.e+18 1.e+18 1.e+18 1.e+18 1.e+18
 1.e+18 1.e+18 1.e+18 1.e+18 1.e+18 1.e+18 1.e+18 1.e+18 1.e+18 1.e+18
 1.e+18 1.e+18 1.e+18 1.e+18 1.e+18 1.e+18 1.e+18 1.e+18 1.e+18 1.e+18
 1.e+18 1.e+18 1.e+18 1.e+18 1.e+18 1.e+18 1.e+18 1.e+18 1.e+18 1.e+18
 1.e+18 1.e+18 1.e+18 1.e+18 1.e+18 1.e+18 1.e+18 1.e+18 1.e+18 1.e+18
 1.e+18 1.e+18 1.e+18 1.e+18 1.e+18 1.e+18 1.e+18 1.e+18 1.e+18 1.e+18
 1.e+18 1.e+18 1.e+18 1.e+18 1.e+18 1.e+18 1.e+18 1.e+18 1.e+18 1.e+18
 1.e+18 1.e+18 1.e+18 1.e+18 1.e+18 1.e+18 1.e+18 1.e+18 1.e+18 1.e+18
 1.e+18 1.e+18 1.e+18 1.e+18 1.e+18 1.e+18 1.e+18 1.e+18 1.e+18 1.e+18
 1.e+18 1.e+18 1.e+18 1.e+18 1.e+18 1.e+18 1.e+18 1.e+18 1.e+18 1.e+18
 1.e+18 1.e+18 1.e+18 1.e+18 1.e+18 1.e+18 1.e+18 1.e+18 1.e+18 1.e+18
 1.e+18 1.e+18 1.e+18 1.e+18 1.e+18 1.e+18 1.e+18 1.e+18 1.e+18 1.e+18
 1.e+18 1.e+18 1.e+18 1.e+18 1.e+18 1.e+18 1.e+18 1.e+18 1.e+18 1.e+18
 1.e+18 1.e+18 1.e+18 1.e+18 1.e+18 1.e+18 1.e+18 1.e+18 1.e+18 1.e+18
 1.e+18 1.e+18 1.e+18 1.e+18 1.e+18 1.e+18 1.e+18 1.e+18 1.e+18 1.e+18
 1.e+18 1.e+18 1.e+18 1.e+18 1.e+18 1.e+18 1.e+18 1.e+18 1.e+18 1.e+18
 1.e+18 1.e+18 1.e+18 1.e+18 1.e+18 1.e+18 1.e+18 1.e+18 1.e+18 1.e+18
 1.e+18 1.e+18 1.e+18 1.e+18 1.e+18 1.e+18 1.e+18 1.e+18 1.e+18 1.e+18
 1.e+18 1.e+18 1.e+18 1.e+18 1.e+18 1.e+18 1.e+18 1.e+18 1.e+18 1.e+18
 1.e+18 1.e+18 1.e+18 1.e+18 1.e+18 1.e+18 1.e+18 1.e+18 1.e+18 1.e+18
 1.e+18 1.e+18 1.e+18 1.e+18 1.e+18 1.e+18 1.e+18 1.e+18 1.e+18 1.e+18
 1.e+18 1.e+18 1.e+18 1.e+18 1.e+18 1.e+18 1.e+18 1.e+18 1.e+18 1.e+18
 1.e+18 1.e+18 1.e+18 1.e+18 1.e+18 1.e+18 1.e+18 1.e+18 1.e+18 1.e+18
 1.e+18 1.e+18 1.e+18 1.e+18 1.e+18 1.e+18 1.e+18 1.e+18 1.e+18 1.e+18
 1.e+18 1.e+18 1.e+18 1.e+18 1.e+18 1.e+18 1.e+18 1.e+18 1.e+18 1.e+18
 1.e+18 1.e+18 1.e+18 1.e+18 1.e+18 1.e+18 1.e+18 1.e+18 1.e+18 1.e+18
 1.e+18 1.e+18 1.e+18 1.e+18 1.e+18 1.e+18 1.e+18 1.e+18 1.e+18 1.e+18
 1.e+18 1.e+18 1.e+18 1.e+18 1.e+18 1.e+18 1.e+18 1.e+18 1.e+18 1.e+18]
# t(s)     Fnu(mJy)
1.000000e-08 3.826421e+00
1.122451e-08 3.902166e+00
1.259895e-08 3.978818e+00
1.414170e-08 4.056367e+00
1.587336e-08 4.136467e+00
1.781706e-08 4.211905e+00
1.999877e-08 4.298635e+00
2.244763e-08 4.381096e+00
2.519636e-08 4.470601e+00
2.828167e-08 4.551183e+00
3.174477e-08 4.637526e+00
3.563194e-08 4.725041e+00
3.999509e-08 4.812723e+00
4.489251e-08 4.916536e+00
5.038963e-08 5.014254e+00
5.655986e-08 5.109664e+00
6.348565e-08 5.205623e+00
7.125951e-08 5.304748e+00
7.998527e-08 5.411157e+00
8.977952e-08 5.518215e+00
1.007731e-07 5.626467e+00
1.131128e-07 5.727320e+00
1.269635e-07 5.846363e+00
1.425103e-07 5.959290e+00
1.599607e-07 6.078882e+00
1.795480e-07 6.191427e+00
2.015338e-07 6.312093e+00
2.262117e-07 6.427965e+00
2.539114e-07 6.548740e+00
2.850030e-07 6.689382e+00
3.199018e-07 6.823621e+00
3.590740e-07 6.951484e+00
4.030428e-07 7.085687e+00
4.523956e-07 7.223097e+00
5.077917e-07 7.366676e+00
5.699711e-07 7.510131e+00
6.397644e-07 7.656887e+00
7.181039e-07 7.799500e+00
8.060361e-07 7.958940e+00
9.047357e-07 8.114408e+00
1.015521e-06 8.269494e+00
1.139872e-06 8.426539e+00
1.279450e-06 8.586544e+00
1.436120e-06 8.746239e+00
1.611973e-06 8.909209e+00
1.809360e-06 9.100457e+00
2.030918e-06 9.283902e+00
2.279605e-06 9.461387e+00
2.558744e-06 9.638031e+00
2.872063e-06 9.827301e+00
3.223749e-06 1.002120e+01
3.618499e-06 1.022025e+01
4.061586e-06 1.042000e+01
4.558929e-06 1.062242e+01
5.117173e-06 1.082792e+01
5.743774e-06 1.103534e+01
6.447102e-06 1.125073e+01
7.236553e-06 1.146244e+01
8.122674e-06 1.167983e+01
9.117299e-06 1.189433e+01
1.023372e-05 1.212379e+01
1.148684e-05 1.235885e+01
1.289341e-05 1.263098e+01
1.447222e-05 1.286664e+01
1.624435e-05 1.311801e+01
1.823348e-05 1.337578e+01
2.046618e-05 1.363897e+01
2.297228e-05 1.390938e+01
2.578524e-05 1.418017e+01
2.894266e-05 1.445546e+01
3.248671e-05 1.473547e+01
3.646472e-05 1.501887e+01
4.092985e-05 1.531083e+01
4.594173e-05 1.559984e+01
5.156732e-05 1.590231e+01
5.788177e-05 1.619029e+01
6.496943e-05 1.650342e+01
7.292497e-05 1.681745e+01
8.185467e-05 1.719223e+01
9.187782e-05 1.750657e+01
1.031283e-04 1.784691e+01
1.157564e-04 1.819696e+01
1.299309e-04 1.855414e+01
1.458410e-04 1.893660e+01
1.636993e-04 1.928940e+01
1.837444e-04 1.964695e+01
2.062440e-04 2.005229e+01
2.314987e-04 2.043493e+01
2.598458e-04 2.082665e+01
2.916641e-04 2.122520e+01
3.273785e-04 2.162466e+01
3.674662e-04 2.202031e+01
4.124626e-04 2.243711e+01
4.629689e-04 2.286380e+01
5.196597e-04 2.337614e+01
5.832924e-04 2.381208e+01
6.547168e-04 2.424618e+01
7.348873e-04 2.468460e+01
8.248747e-04 2.499355e+01
9.258810e-04 2.519111e+01
1.039256e-03 2.524982e+01
1.166513e-03 2.517541e+01
1.309353e-03 2.496592e+01
1.469684e-03 2.459620e+01
1.649648e-03 2.393255e+01
1.851648e-03 2.326659e+01
2.078384e-03 2.258902e+01
2.332883e-03 2.193660e+01
2.618546e-03 2.129097e+01
2.939188e-03 2.072286e+01
3.299094e-03 2.011086e+01
3.703070e-03 1.955561e+01
4.156513e-03 1.899840e+01
4.665480e-03 1.844489e+01
5.236771e-03 1.794304e+01
5.878016e-03 1.741844e+01
6.597782e-03 1.692715e+01
7.405685e-03 1.643800e+01
8.312515e-03 1.598675e+01
9.330387e-03 1.551711e+01
1.047290e-02 1.508472e+01
1.175531e-02 1.465602e+01
1.319476e-02 1.423016e+01
1.481046e-02 1.382457e+01
1.662401e-02 1.341202e+01
1.865963e-02 1.305708e+01
2.094451e-02 1.267715e+01
2.350918e-02 1.231866e+01
2.638789e-02 1.197591e+01
2.961910e-02 1.162363e+01
3.324598e-02 1.130555e+01
3.731697e-02 1.097999e+01
4.188645e-02 1.065719e+01
4.701547e-02 1.035775e+01
5.277254e-02 1.007508e+01
5.923457e-02 9.775943e+00
6.648788e-02 9.501480e+00
7.462936e-02 9.232554e+00
8.376776e-02 8.962895e+00
9.402517e-02 8.706073e+00
1.055386e-01 8.455664e+00
1.184619e-01 8.225433e+00
1.329676e-01 7.983881e+00
1.492496e-01 7.763226e+00
1.675252e-01 7.542713e+00
1.880388e-01 7.325736e+00
2.110643e-01 7.120013e+00
2.369092e-01 6.918878e+00
2.659189e-01 6.718833e+00
2.984808e-01 6.526836e+00
3.350299e-01 6.349065e+00
3.760545e-01 6.163897e+00
4.221026e-01 5.987963e+00
4.737893e-01 5.819822e+00
5.318051e-01 5.649341e+00
5.969250e-01 5.486815e+00
6.700188e-01 5.327899e+00
7.520629e-01 5.182535e+00
8.441535e-01 5.027952e+00
9.475205e-01 4.888589e+00
1.063545e+00 4.756285e+00
1.193777e+00 4.616260e+00
1.339955e+00 4.485326e+00
1.504034e+00 4.360333e+00
1.688203e+00 4.232962e+00
1.894925e+00 4.112588e+00
2.126959e+00 4.000606e+00
2.387407e+00 3.883991e+00
2.679746e+00 3.768929e+00
3.007883e+00 3.630388e+00
3.376199e+00 3.472672e+00
3.789617e+00 3.306654e+00
4.253658e+00 3.129709e+00
4.774521e+00 2.945345e+00
5.359163e+00 2.758127e+00
6.015396e+00 2.570179e+00
6.751985e+00 2.384742e+00
7.578769e+00 2.199494e+00
8.506793e+00 2.012579e+00
9.548455e+00 1.842278e+00
1.071767e+01 1.673826e+00
1.203005e+01 1.510111e+00
1.350314e+01 1.360369e+00
1.515661e+01 1.216299e+00
1.701254e+01 1.083599e+00
1.909574e+01 9.640898e-01
2.143402e+01 8.523667e-01
2.405863e+01 7.533582e-01
2.700462e+01 6.622329e-01
3.031136e+01 5.820169e-01
3.402300e+01 5.114262e-01
3.818913e+01 4.483790e-01
4.286541e+01 3.931020e-01
4.811431e+01 3.442724e-01
5.400593e+01 3.013879e-01
6.061899e+01 2.639978e-01
6.804182e+01 2.308613e-01
7.637358e+01 2.021658e-01
8.572557e+01 1.769554e-01
9.622271e+01 1.545592e-01
1.080052e+02 1.353070e-01
1.212305e+02 1.185974e-01
1.360753e+02 1.037818e-01
1.527378e+02 9.084003e-02
1.714406e+02 7.948663e-02
1.924336e+02 6.950395e-02
2.159972e+02 6.085420e-02
2.424462e+02 5.331022e-02
2.721339e+02 4.666574e-02
3.054568e+02 4.081507e-02
3.428602e+02 3.569835e-02
3.848436e+02 3.124424e-02
4.319679e+02 2.731917e-02
4.848626e+02 2.390941e-02
5.442344e+02 2.091645e-02
6.108762e+02 1.828543e-02
6.856783e+02 1.597721e-02
7.696400e+02 1.397041e-02
8.638828e+02 1.224457e-02
9.696658e+02 1.071207e-02
1.088402e+03 9.369198e-03
1.221677e+03 8.196464e-03
1.371272e+03 7.168906e-03
1.539186e+03 6.270082e-03
1.727660e+03 5.487915e-03
1.939213e+03 4.798876e-03
2.176670e+03 4.193093e-03
2.443205e+03 3.665610e-03
2.742377e+03 3.206833e-03
3.078182e+03 2.802043e-03
3.455107e+03 2.449250e-03
3.878187e+03 2.145246e-03
4.353073e+03 1.869495e-03
4.886110e+03 1.634197e-03
5.484417e+03 1.429542e-03
6.155987e+03 1.249435e-03
6.909791e+03 1.091628e-03
7.755898e+03 9.540072e-04
8.705612e+03 8.332064e-04
9.771620e+03 7.274244e-04
1.096816e+04 6.338720e-04
1.231122e+04 5.526724e-04
1.381873e+04 4.806669e-04
1.551084e+04 4.170332e-04
1.741016e+04 3.605117e-04
1.954204e+04 3.102795e-04
2.193497e+04 2.657949e-04
2.462092e+04 2.277140e-04
2.763577e+04 1.942494e-04
3.101979e+04 1.650300e-04
3.481818e+04 1.402020e-04
3.908168e+04 1.184524e-04
4.386726e+04 1.001032e-04
4.923883e+04 8.462336e-05
5.526815e+04 7.114744e-05
6.203576e+04 5.980235e-05
6.963208e+04 5.030375e-05
7.815857e+04 4.230111e-05
8.772913e+04 3.541306e-05
9.847161e+04 2.965383e-05
1.105295e+05 2.477892e-05
1.240639e+05 2.066274e-05
1.392556e+05 1.715933e-05
1.563075e+05 1.419946e-05
1.754475e+05 1.165756e-05
1.969311e+05 9.494841e-06
2.210455e+05 7.681307e-06
2.481126e+05 6.145628e-06
2.784941e+05 4.844223e-06
3.125959e+05 3.761997e-06
3.508734e+05 2.879501e-06
3.938381e+05 2.164314e-06
4.420638e+05 1.601573e-06
4.961948e+05 1.165184e-06
5.569541e+05 8.381242e-07
6.251534e+05 5.993608e-07
7.017038e+05 4.298297e-07
7.876279e+05 3.088741e-07
8.840733e+05 2.230939e-07
9.923286e+05 1.621662e-07
1.113840e+06 1.188296e-07
1.250230e+06 8.785352e-08
1.403322e+06 6.553484e-08
1.575159e+06 4.924534e-08
1.768038e+06 3.724525e-08
1.984535e+06 2.834976e-08
2.227543e+06 2.171489e-08
2.500307e+06 1.673488e-08
2.806471e+06 1.297581e-08
3.150125e+06 1.012094e-08
3.535859e+06 7.940964e-09
3.968827e+06 6.266708e-09
4.454813e+06 4.973638e-09
5.000307e+06 3.969485e-09
5.612597e+06 3.185821e-09
6.299863e+06 2.570274e-09
7.071285e+06 2.084546e-09
7.937168e+06 1.699202e-09
8.909078e+06 1.391986e-09
1.000000e+07 1.145756e-09
